k: 5
1	2	10	13	14	15	16	21	22	25	26	27	28	31	32	37	38	43	44	47	48	49	50	51	52	53	54	55	56	57	58	59	60	61	62	63	64	65	66	67	68	77	81	82	85	86	95	96	97	98	101	102	103	104	105	106	107	108	110	113	114	117	118	119	120	123	124	125	126	127	128	131	132	133	141	142	143	145	146	149	150	151	152	153	154	155	156	157	158	159	160	161	162	163	164	169	170	171	172	177	178	183	184	185	186	198	199	200	201	202	203	204	205	206	209	210	214	219	220	223	224	229	230	235	236	237	245	246	247	248	249	250	255	256	257	258	265	266	267	268	269	270	271	272	281	282	285	286	291	292	293	294	295	296	301	302	308	309	310	315	316	317	318	321	322	323	324	325	326	

3	4	19	20	40	78	79	80	89	90	99	100	109	112	130	134	137	138	144	147	148	165	166	167	168	189	190	194	195	196	197	213	217	218	221	222	228	233	234	238	253	254	261	262	278	287	288	299	300	305	307	313	314	31	32	77	107	108	113	117	118	133	153	154	169	170	183	198	201	203	204	223	224	237	245	246	257	258	265	266	267	268	270	271	272	293	294	308	38	81	114	123	143	152	184	202	247	

6	23	45	46	71	72	83	84	93	94	122	136	173	175	207	208	212	227	241	243	244	260	279	280	298	306	320	9	9	

9	11	12	24	33	34	39	41	42	111	121	135	176	179	180	193	211	225	226	277	319	19	20	40	99	100	112	189	194	196	222	233	253	278	190	221	234	288	299	

5	7	8	17	18	29	30	35	36	69	70	73	74	75	76	87	88	91	92	115	116	129	139	140	174	181	182	187	188	191	192	215	216	231	232	239	240	242	251	252	259	263	264	273	274	275	276	283	284	289	290	297	303	304	311	312	

